Player,1990,1991,1992,1993,1994,1995,1996,1997,1998,1999,2000,2001,2002,2003,2004,2005,2006,2007,2008,2009,2010,2011,2012,2013,2014,2015,2016,2017,2018,2019,2020,2021,2022,2023,2024
Novak Djokovic,0,0,0,0,0,0,0,0,0,0,0,0,0,0,0,0,0,0,1,1,1,4,5,6,7,10,12,12,14,16,17,20,21,24,24
Rafael Nadal,0,0,0,0,0,0,0,0,0,0,0,0,0,0,0,1,2,3,5,6,9,10,11,13,14,14,14,16,17,19,20,20,22,22,22
Roger Federer,0,0,0,0,0,0,0,0,0,0,0,0,0,1,4,6,9,12,13,15,16,16,17,17,17,17,17,19,20,20,20,20,20,20,20
Pete Sampras,1,1,1,3,5,7,8,10,11,12,13,13,14,14,14,14,14,14,14,14,14,14,14,14,14,14,14,14,14,14,14,14,14,14,14
Andre Agassi,0,0,1,1,2,3,3,3,3,5,6,7,7,8,8,8,8,8,8,8,8,8,8,8,8,8,8,8,8,8,8,8,8,8,8
Carlos Alcaraz,0,0,0,0,0,0,0,0,0,0,0,0,0,0,0,0,0,0,0,0,0,0,0,0,0,0,0,0,0,0,0,0,1,2,4
Andy Murray,0,0,0,0,0,0,0,0,0,0,0,0,0,0,0,0,0,0,0,0,0,0,1,2,2,2,3,3,3,3,3,3,3,3,3
Stan Wawrinka,0,0,0,0,0,0,0,0,0,0,0,0,0,0,0,0,0,0,0,0,0,0,0,0,1,2,3,3,3,3,3,3,3,3,3
Dominic Thiem,0,0,0,0,0,0,0,0,0,0,0,0,0,0,0,0,0,0,0,0,0,0,0,0,0,0,0,0,0,0,1,1,1,1,1
Daniil Medvedev,0,0,0,0,0,0,0,0,0,0,0,0,0,0,0,0,0,0,0,0,0,0,0,0,0,0,0,0,0,0,0,1,1,1,1
Jannik Sinner,0,0,0,0,0,0,0,0,0,0,0,0,0,0,0,0,0,0,0,0,0,0,0,0,0,0,0,0,0,0,0,0,0,0,1